Accuracy : 0.8
c1 : 
Precision : 1.0
Recall : 0.6666666666666666
F1_measure : 0.8
c2 : 
Precision : 0.6666666666666666
Recall : 1.0
F1_measure : 0.8